Optimales Magnetfeld fuer die einzelnen Zeitpunkte:
pot0: [-0.51750594  1.0390966   2.95802849]
pot1: [ 0.75955021  0.76883405 -0.10316687]
pot2: [-1.51450692  1.15373077 -2.02308867]
pot3: [-3.50551777 -0.7891109   4.23075418]
pot4: [-1.88151883 -0.62277722 -2.11933347]
pot5: [-0.21840517 -1.58434976  0.57044087]
pot6: [-0.27608079 -1.5068718   0.43600885]
pot7: [ 0.16117981 -1.36556997  0.77313155]
Zeitreihe der optimalen Magnetfelder:
[array([-0.51750594,  1.0390966 ,  2.95802849]), array([ 0.75955021,  0.76883405, -0.10316687]), array([-1.51450692,  1.15373077, -2.02308867]), array([-3.50551777, -0.7891109 ,  4.23075418]), array([-1.88151883, -0.62277722, -2.11933347]), array([-0.21840517, -1.58434976,  0.57044087]), array([-0.27608079, -1.5068718 ,  0.43600885]), array([ 0.16117981, -1.36556997,  0.77313155])]