Optimales Magnetfeld fuer die einzelnen Zeitpunkte:
pot0: [-2.53781453 -5.51266195  3.2262939 ]
pot1: [ 0.45363208 -3.59643418  1.80397869]
pot2: [ 10.62895552 -13.1754052    2.14927735]
pot3: [2.13569229 0.6326924  1.87738024]
pot4: [ 0.62574207 -2.62112558  2.40461459]
pot5: [-6.77597851 -0.7399183   3.23006003]
pot6: [2.61913648 2.18895986 1.95921636]
pot7: [ 10.66896444 -11.11058081  -2.63472167]
pot8: [ 3.9271989  -5.22051643  0.58481241]
Zeitreihe der optimalen Magnetfelder:
[array([-2.53781453, -5.51266195,  3.2262939 ]), array([ 0.45363208, -3.59643418,  1.80397869]), array([ 10.62895552, -13.1754052 ,   2.14927735]), array([2.13569229, 0.6326924 , 1.87738024]), array([ 0.62574207, -2.62112558,  2.40461459]), array([-6.77597851, -0.7399183 ,  3.23006003]), array([2.61913648, 2.18895986, 1.95921636]), array([ 10.66896444, -11.11058081,  -2.63472167]), array([ 3.9271989 , -5.22051643,  0.58481241])]