Optimales Magnetfeld fuer die einzelnen Zeitpunkte:
pot0: [ 4.55292581 -1.76425639  0.43222867]
pot1: [-8.70066218 -1.31972841  1.87581528]
pot2: [-27.18981402  -3.01523506   3.32955285]
pot3: [-7.76822795 -0.07836848  2.08237779]
pot4: [ -8.34776559 -17.46998262   1.0574579 ]
pot5: [ -7.42492504 -15.8265258    1.53276754]
pot6: [ -3.49278345 -11.47118199  -0.67361988]
pot7: [5.822948   3.55490924 0.63404096]
pot8: [ 6.87773115 21.16339434 -2.28582112]
pot9: [ 6.26628455 11.23878239  1.66740941]
pot10: [ 7.73378007 16.18959233 -0.63685475]
pot11: [ -9.35647467 -18.80360075   1.72299366]
pot12: [-1.05472801 -8.65039456 -0.78268876]
pot13: [7.38770229 4.3269135  0.55944006]
pot14: [10.3312561  73.82219971 -0.71020783]
pot15: [ 4.57116559 -1.25311026  0.76365094]
pot16: [ 4.53092367 -1.46032837  0.69821569]
pot17: [-6.28385197  5.51788967  0.81053287]
pot18: [ 4.6642466  -1.58552603  0.74808699]
pot19: [-23.55355465  18.70434362   1.28545601]
pot20: [ 4.35544953 -1.70213617  0.6950912 ]
pot21: [ 4.49591593 -1.88231043  0.43417306]
pot22: [ 4.4871738  -1.76310368  0.19226151]
pot23: [-20.26024436  11.20370199   0.48999446]
pot24: [ 4.98880223 -1.67192645  0.34900952]
pot25: [-102.79934124   52.039081      7.00358927]
pot26: [-115.30843101  138.5432404    -1.80438525]
pot27: [ 4.56782165 -1.94298255  0.08435724]
pot28: [-39.85542392  44.04916305  -0.1711176 ]
pot29: [ 3.49717244 -1.23437015  0.26081531]
pot30: [ 4.64554119 -1.86954587  0.3833692 ]
pot31: [ 4.65555716 -1.89826016  0.4412437 ]
pot32: [0.72056999 2.76740238 0.55908838]
pot33: [-2.95670005  5.70317651  0.24287005]
pot34: [ 4.59549855 -1.87179166  0.34720236]
pot35: [ 4.55720443 -1.84014818  0.20055693]
Zeitreihe der optimalen Magnetfelder:
[array([ 4.55292581, -1.76425639,  0.43222867]), array([-8.70066218, -1.31972841,  1.87581528]), array([-27.18981402,  -3.01523506,   3.32955285]), array([-7.76822795, -0.07836848,  2.08237779]), array([ -8.34776559, -17.46998262,   1.0574579 ]), array([ -7.42492504, -15.8265258 ,   1.53276754]), array([ -3.49278345, -11.47118199,  -0.67361988]), array([5.822948  , 3.55490924, 0.63404096]), array([ 6.87773115, 21.16339434, -2.28582112]), array([ 6.26628455, 11.23878239,  1.66740941]), array([ 7.73378007, 16.18959233, -0.63685475]), array([ -9.35647467, -18.80360075,   1.72299366]), array([-1.05472801, -8.65039456, -0.78268876]), array([7.38770229, 4.3269135 , 0.55944006]), array([10.3312561 , 73.82219971, -0.71020783]), array([ 4.57116559, -1.25311026,  0.76365094]), array([ 4.53092367, -1.46032837,  0.69821569]), array([-6.28385197,  5.51788967,  0.81053287]), array([ 4.6642466 , -1.58552603,  0.74808699]), array([-23.55355465,  18.70434362,   1.28545601]), array([ 4.35544953, -1.70213617,  0.6950912 ]), array([ 4.49591593, -1.88231043,  0.43417306]), array([ 4.4871738 , -1.76310368,  0.19226151]), array([-20.26024436,  11.20370199,   0.48999446]), array([ 4.98880223, -1.67192645,  0.34900952]), array([-102.79934124,   52.039081  ,    7.00358927]), array([-115.30843101,  138.5432404 ,   -1.80438525]), array([ 4.56782165, -1.94298255,  0.08435724]), array([-39.85542392,  44.04916305,  -0.1711176 ]), array([ 3.49717244, -1.23437015,  0.26081531]), array([ 4.64554119, -1.86954587,  0.3833692 ]), array([ 4.65555716, -1.89826016,  0.4412437 ]), array([0.72056999, 2.76740238, 0.55908838]), array([-2.95670005,  5.70317651,  0.24287005]), array([ 4.59549855, -1.87179166,  0.34720236]), array([ 4.55720443, -1.84014818,  0.20055693])]