Optimales Magnetfeld fuer die einzelnen Zeitpunkte:
pot0: [-0.33472625  1.02041695  0.21726979]
pot1: [ 4.86969879 -2.36804305  1.18757465]
pot2: [-37.30020563  17.10487148  -3.17914256]
pot3: [-1.43687023 -0.72098047  0.69043253]
pot4: [-1.51698596 -0.61277508  0.59317489]
pot5: [-3.0840872  -0.68219518  0.49752898]
pot6: [-1.85216741 -0.77808384  0.34615863]
pot7: [-4.17654587 -0.30700563 -0.08230898]
Zeitreihe der optimalen Magnetfelder:
[array([-0.33472625,  1.02041695,  0.21726979]), array([ 4.86969879, -2.36804305,  1.18757465]), array([-37.30020563,  17.10487148,  -3.17914256]), array([-1.43687023, -0.72098047,  0.69043253]), array([-1.51698596, -0.61277508,  0.59317489]), array([-3.0840872 , -0.68219518,  0.49752898]), array([-1.85216741, -0.77808384,  0.34615863]), array([-4.17654587, -0.30700563, -0.08230898])]