Optimales Magnetfeld fuer die einzelnen Zeitpunkte:
pot0: [-0.75867637  1.57004796  1.45373816]
pot1: [0.58340412 0.88507838 0.48608738]
pot2: [-0.16596458  0.3418835  -1.76587503]
pot3: [ 1.07624462 -1.48786965  1.08640113]
pot4: [-3.85157238  0.05428359 -1.39390265]
pot5: [-8.91240745 -0.44183781 -4.93662057]
pot6: [ 0.14871629 -1.60073233 -0.7375249 ]
pot7: [-7.54691995 -0.40331085  4.91074888]
Zeitreihe der optimalen Magnetfelder:
[array([-0.75867637,  1.57004796,  1.45373816]), array([0.58340412, 0.88507838, 0.48608738]), array([-0.16596458,  0.3418835 , -1.76587503]), array([ 1.07624462, -1.48786965,  1.08640113]), array([-3.85157238,  0.05428359, -1.39390265]), array([-8.91240745, -0.44183781, -4.93662057]), array([ 0.14871629, -1.60073233, -0.7375249 ]), array([-7.54691995, -0.40331085,  4.91074888])]