Optimales Magnetfeld fuer die einzelnen Zeitpunkte:
pot0: [ 218.99154404 -164.18104633   32.37026666]
pot1: [ 2.39167889  1.14226154 -1.89663832]
pot2: [-8.29117082  4.01699556 -3.44615796]
pot3: [ 3.56644822 -1.20872395 -1.15191441]
pot4: [ 19.11809591 -11.21277847   3.08741311]
pot5: [ 1.08813108 -0.64830358 -0.82915549]
pot6: [-0.51518548  1.61188276 -1.432525  ]
pot7: [ 2.65491517 -0.89862958 -1.67502047]
pot8: [ 2.96232335 -0.04892642 -1.32799936]
pot9: [ 1.85210557 -1.92378301 -1.63349114]
pot10: [ 17.68718815 -10.18779902   0.83271497]
pot11: [-2.58580419 -1.5454528  -2.3293161 ]
pot12: [ 0.70696181 -2.91220113 -1.86621491]
pot13: [ 6.59963491 -7.70345566  0.0859842 ]
pot14: [-0.0506728  -2.04018836 -1.95022762]
pot15: [ 8.71862152 -3.26740726 -1.71637846]
pot16: [ 3.01566434 -4.91320649 -1.35279073]
pot17: [-1.70167882 -0.99441748 -2.60729342]
pot18: [ 0.41713004 -2.75416037 -1.96597663]
pot19: [-1.59534996 -5.34438372 -2.36529367]
pot20: [-0.78898294 -0.00625059 -2.86051294]
pot21: [-1.37244914 -2.76472848 -2.68527215]
pot22: [  1.83179293 -12.52596257  -1.44451226]
pot23: [-0.38844732 -4.30452175 -2.30126753]
pot24: [-1.98933778 -7.08930047 -0.97178703]
pot25: [ 8.42822796 -2.99725031 -2.28417937]
pot26: [-8.23975813  3.72945262 -3.55935165]
Zeitreihe der optimalen Magnetfelder:
[array([ 218.99154404, -164.18104633,   32.37026666]), array([ 2.39167889,  1.14226154, -1.89663832]), array([-8.29117082,  4.01699556, -3.44615796]), array([ 3.56644822, -1.20872395, -1.15191441]), array([ 19.11809591, -11.21277847,   3.08741311]), array([ 1.08813108, -0.64830358, -0.82915549]), array([-0.51518548,  1.61188276, -1.432525  ]), array([ 2.65491517, -0.89862958, -1.67502047]), array([ 2.96232335, -0.04892642, -1.32799936]), array([ 1.85210557, -1.92378301, -1.63349114]), array([ 17.68718815, -10.18779902,   0.83271497]), array([-2.58580419, -1.5454528 , -2.3293161 ]), array([ 0.70696181, -2.91220113, -1.86621491]), array([ 6.59963491, -7.70345566,  0.0859842 ]), array([-0.0506728 , -2.04018836, -1.95022762]), array([ 8.71862152, -3.26740726, -1.71637846]), array([ 3.01566434, -4.91320649, -1.35279073]), array([-1.70167882, -0.99441748, -2.60729342]), array([ 0.41713004, -2.75416037, -1.96597663]), array([-1.59534996, -5.34438372, -2.36529367]), array([-0.78898294, -0.00625059, -2.86051294]), array([-1.37244914, -2.76472848, -2.68527215]), array([  1.83179293, -12.52596257,  -1.44451226]), array([-0.38844732, -4.30452175, -2.30126753]), array([-1.98933778, -7.08930047, -0.97178703]), array([ 8.42822796, -2.99725031, -2.28417937]), array([-8.23975813,  3.72945262, -3.55935165])]